0.06168211800000001
0.061357115
0.059872878
0.05964659533333334
0.027392016333333335
0.00014644466666666666
0.06061160333333334
0.06132313966666667
0.00011912033333333333
0.06156732100000001
0.02839171366666667
0.0001564186666666667
0.061150751333333336
0.06131920333333334
0.029211847333333332
0.02887183933333333
0.027757156333333328
0.028797487333333333
0.06111035866666667
0.06047842566666667
0.06147868866666667
0.06110136966666666
0.061910102333333335
0.0006943996666666667
0.061870611
0.060810963333333336
0.059582573666666666
0.060088446
0.00016042533333333333
0.00015306433333333333
0.059577980333333336
0.028747344666666664
0.06098650566666667
0.06071153966666667
0.06063758366666666
0.028682147
0.028489220666666665
0.02792130533333333
0.02848451
0.06168327033333334
0.06198933133333332
0.06070089166666667
0.06111041966666667
0.060312406333333325
0.06016210466666667
0.06236564866666666
0.028193713999999998
0.06065063066666667
0.06213150333333334
0.06040112400000001
0.060534414
0.061926032666666665
0.00021196966666666667
0.02805310533333333
0.060762654666666666
0.06091295633333333
0.06141755033333334
0.05993643133333334
0.00017755933333333336
0.027845276
0.060881185000000004
0.06023808433333334
0.06113478666666667
0.05982610733333333
0.06025484133333334
0.05993680133333334
0.05993806399999999
0.06048771833333333
0.059422117
0.059824813666666664
0.028089636
0.06066772133333334
0.06094294366666667
0.060283332
0.05981249266666667
0.059581572666666666
0.06065580433333334
0.06032684633333333
0.060752427
0.05946269199999999
0.05947655833333334
0.060164475
0.060113570000000005
0.06039039266666666
0.060383091666666666
0.06179326766666667
0.05991324566666667
0.059960758
0.06079226866666667
0.06199323733333333
0.059849378
0.059604843
0.060004503666666674
0.05980653333333333
0.06140824466666667
0.05976291533333333
0.060272421666666666
0.060404461666666666
0.059311686333333336
0.060304983
0.060635779333333334
0.06111012933333334
0.060264738000000005
0.05942964433333334
0.06053990000000001
0.05988290200000001
0.028400817666666665
0.029810831666666666
