1.7148908690000002
1.7219396556666666
1.6933157256666667
1.6971225653333333
1.6860554286666665
0.00020838899999999999
1.722665495
1.7443832623333335
0.5193364463333333
1.7076645496666665
0.5201927716666667
0.00021688599999999998
1.7357211689999996
1.7092070676666669
1.704326304333333
1.7144240599999998
1.7292195036666664
1.7141236303333331
1.7350033766666666
1.7135110556666666
0.5163543543333333
1.7173038123333333
0.22445786066666665
0.0011933746666666666
1.721565913
1.7176966649999998
1.6799361859999997
1.6928555229999998
0.00019475433333333335
0.00012325000000000001
1.7238892983333332
1.692540679333333
1.7101487333333332
1.7426365803333332
1.720232743333333
1.7085585676666668
1.7089436919999998
1.721553214
1.7089466546666667
1.7432108050000001
1.7049434376666666
0.5150309430000001
1.7125204029999999
0.22372086766666668
0.000921024
1.7263309846666666
1.6894284903333334
1.6981356563333332
1.709001779
1.7293810223333332
1.7040770563333332
1.7111927563333331
0.000102639
1.7291503603333336
1.7145475386666664
1.723765116
1.7220061573333332
1.706277525333333
9.241533333333335e-05
1.7044187893333334
1.7135778606666665
1.7135029866666667
1.6973943236666666
1.7047437646666666
0.5131360196666667
0.514535852
1.726176545666667
1.7117220543333334
1.6927190626666668
1.6869818136666666
1.6863038493333333
1.6962985249999998
1.71239836
1.7267941506666666
1.6984209689999998
1.6989785873333334
0.5108579593333333
0.509185853
1.702630988
1.6884057923333333
1.7096444346666668
1.685874175333333
1.6861711936666666
0.5086818183333334
1.7175566753333333
1.7158142283333333
1.6896186109999995
1.685772256
0.5149122456666667
0.5108185733333334
1.7213544626666666
1.6928837153333331
1.6907632566666664
1.6929955769999998
0.5115127236666667
0.5092350396666666
1.719224139333333
1.7132298863333333
1.6932866133333333
1.7001908036666666
0.5108060023333333
0.5156490093333334
1.708789376333333
1.6952594010000002
1.6858386483333334
1.709162181
0.5134853073333333
0.513373089
