1.7078846506666665
1.7174477799999999
1.6906526143333334
1.7006070929999997
1.6902567059999998
0.00018305866666666666
1.7319953833333335
1.7391629240000002
0.5187174723333333
1.7093998646666666
0.516098565
0.00021879133333333335
1.728982169
1.6976874750000002
1.716701444
1.728810932
1.7164407019999999
1.7168223433333332
1.7379123559999998
1.7148751319999997
0.5172521156666666
1.7169083109999999
0.22492575233333334
0.001163814
1.7185493823333335
1.7235535563333333
1.689758976333333
1.6855844763333332
0.00019360633333333332
0.00018144433333333335
1.7026055466666665
1.6873304116666665
1.6914932386666666
1.7309123563333333
1.7002318083333332
1.7204743993333331
1.7172783006666668
1.7145963583333332
1.7249112943333333
1.7299925653333332
1.7161122759999998
0.5189564559999998
1.7109436986666664
0.22317374666666667
0.0010254713333333334
1.7069945656666665
1.6885244143333333
1.69016825
1.72357011
1.7366399556666667
1.7090435436666667
1.7093573459999998
0.00011685633333333334
1.7134970166666668
1.705390282
1.731578252
1.7215132899999999
1.700963485333333
0.000114181
1.711729041
1.7180790993333332
1.7136960333333333
1.6974803086666668
1.6994192073333334
0.5130070616666665
0.5115083763333333
1.725068800333333
1.7200080703333331
1.693108471333333
1.695921588
1.6888744526666664
1.6903150403333334
1.7244255856666666
1.7206769893333334
1.6999059816666666
1.6896912676666667
0.5128634923333334
0.5082952676666667
1.7072550159999997
1.6891236129999998
1.6998282643333333
1.7029180363333334
1.686473255
0.5085794816666667
1.7148975523333334
1.7322889696666668
1.6837712209999998
1.685597503333333
0.5122386276666666
0.5120834443333333
1.7153850583333332
1.6977240100000002
1.6987861746666664
1.7038418973333334
0.5134690239999999
0.517871817
1.7192600019999997
1.7177732276666664
1.6893205159999998
1.6884957976666666
0.511306735
0.5125106439999999
1.7222461956666664
1.6973144090000003
1.6978535576666667
1.6922015086666666
0.5143809896666666
0.5106640733333333
