0.168372722
0.163087327
0.167152806
0.16461122600000003
0.064921263
0.00021820599999999998
0.16862528400000001
0.172582429
0.000163204
0.06586751
0.067147203
0.000212837
0.16946414
0.17121256499999998
0.067154473
0.06704867
0.06517154900000001
0.06524967300000001
0.173171808
0.16621653700000003
0.16764676300000003
0.06710662
0.166991993
0.170785801
0.165803185
0.164577236
0.00017925399999999997
0.00021457699999999998
0.164730132
0.06533376499999999
0.171299867
0.169981176
0.167483127
0.06649270100000002
0.06671635900000002
0.068313021
0.06552948
0.17021709600000004
0.16749107800000002
0.001225879
0.06565166600000001
0.16391939400000002
0.0645812
0.165127853
0.168389955
0.17184892900000004
0.167913013
0.17215414499999998
0.00023256699999999998
0.06554456
0.165861316
0.16873991700000002
0.167373784
0.164875554
0.000153124
0.06493275200000001
0.16824328100000002
0.16908236900000004
0.16955351300000002
0.16455207299999997
0.06416309600000002
0.064491617
0.17229781
0.17005234800000002
0.165280178
0.165286878
0.16586726400000001
0.166482456
0.167685245
0.16672757200000005
0.16397012600000002
0.16508907
0.064199608
0.06555098100000001
0.162775148
0.17053625400000003
0.163330286
0.16483196199999997
0.16609545200000003
0.176641816
0.16851850000000002
0.16835359500000002
0.16785586900000002
0.169527812
0.064571159
0.06487212900000001
0.16615384600000005
0.164832404
0.16449253100000003
0.16442271
0.164797201
0.16419138400000002
0.17020033300000004
0.06409271300000001
0.16626433900000004
0.16464565800000003
0.16858468000000001
0.16308759700000006
0.168231931
0.166833486
0.164950637
0.16411363
0.06535737500000001
0.066774508
