1.7213356983333332
1.7215879163333332
1.7957797183333335
1.698381702
0.0003965826666666667
0.511467127
1.7272848736666664
1.7302937113333332
0.5261625256666668
0.5283564266666666
0.5192632966666665
0.0010239343333333332
1.7391284159999998
1.8043731339999998
0.5181671226666666
0.5209106473333334
0.5220515966666666
0.5478959956666666
1.7461625703333332
1.72484426
0.5242063446666666
0.0026829403333333336
0.5294483773333333
0.001575992
1.8075792606666667
1.7146563526666665
1.6982855453333334
1.6985993636666665
0.00026191466666666667
0.5188372469999999
1.7107990243333333
1.7359919603333331
0.516254907
1.7284273393333331
1.7202790123333331
0.5180047699999999
0.5179525393333333
0.523354166
0.519952608
1.7397484226666666
1.716346111
1.7130671373333335
0.5280649816666666
0.5217960379999999
0.5318629079999999
1.7250211916666665
1.7059101983333331
0.515637622
1.7118024816666668
1.8038536563333334
1.866444586
1.7491556146666667
0.00020197599999999998
0.5298737966666667
1.7092168246666668
1.7338027956666666
1.7061225506666666
1.717398670333333
0.00013249
0.5188316359999999
1.7020707846666667
1.725114625
1.6916942783333333
1.7574724650000002
0.5232761936666667
0.522363609
1.7390630176666668
1.720626663
1.703258088
1.7003833120000003
0.5174705049999999
0.5156025046666667
1.7284572503333333
1.7195335433333332
1.6991178906666666
1.7013609163333332
0.5166290113333333
0.5154218783333332
1.7297394413333331
1.6832651486666668
1.730987335
1.6965310343333335
1.6924076903333336
0.5177326296666666
1.729559085
1.713897385
1.6950612396666667
1.6985688859999997
0.5154407686666665
0.5155679029999999
1.6966974326666666
1.702622081333333
1.6804954106666665
1.7042251119999998
0.5180630463333332
0.5168606466666666
1.6986268686666666
1.7051519536666666
1.7053814763333335
1.7838422040000002
0.5267097556666667
0.5300442793333334
1.6916410136666666
1.701637777666667
1.6887951326666666
1.7091790143333334
0.5181466960000001
0.5152360599999999
