1.7171397356666667
1.7164880116666665
1.6963487093333336
1.6938405350000003
0.000165654
0.512008619
1.7391934866666665
1.726078666
0.5189554953333332
0.5329047909999999
0.5205444546666667
0.0002149556666666667
1.739106137333333
1.7247020263333332
0.5213129206666668
0.5194403626666667
0.5203329613333333
0.51556948
1.737751401
1.7053023129999998
0.5224290256666667
0.0017388899999999999
0.530857701
0.0013629489999999998
1.7109536453333334
1.731779603
1.690150095
1.7024988766666664
0.00019543533333333334
0.514992631
1.694848703
1.7296996983333333
0.5152475056666667
1.732937766
1.7183300636666665
0.5147541963333332
0.5185775003333333
0.5218877853333334
0.5188245183333332
1.7383283409999999
1.7113236676666668
1.696019157
0.5173334296666666
0.5168451136666666
0.5302065983333333
1.7099160786666667
1.6959943843333332
0.5104334906666667
1.7161148309999998
1.7263705176666668
1.7151085706666667
1.700895912
0.00013029933333333333
0.5184662959999998
1.7177068693333333
1.735623191666667
1.7154520206666666
1.7028708413333333
0.00011668533333333336
0.5186450256666667
1.6997022126666668
1.7371705583333332
1.6897712813333332
1.6799908393333336
0.5145326556666666
0.517117666
1.724596099
1.7250878476666667
1.706336211
1.7027448936666667
0.512191631
0.5127594249999999
1.725889842
1.7281085263333331
1.6917762413333335
1.6922692346666668
0.5111781986666667
0.5111471713333334
1.730113816333333
1.6860365669999997
1.7160116690000002
1.6889003126666668
1.7013365759999999
0.514497102
1.717722372
1.7283784543333331
1.6859738146666665
1.699831771333333
0.5093819443333333
0.510175251
1.6875827116666666
1.6951519223333333
1.6831681146666668
1.6949690286666665
0.5156187206666667
0.5134436226666667
1.6939574403333333
1.6979409786666668
1.6921455006666666
1.6894773169999997
0.5147616533333333
0.52398304
1.6878903603333333
1.6964637289999998
1.6922538699999998
1.6857597436666663
0.5149133716666666
0.5121606586666667
