0.028828115
0.028573805
0.030995026
0.028894338000000006
0.028710861
0.029304250000000004
0.028693351
0.028730831000000002
0.028445073
0.029685512
0.028930008
0.028919346999999998
0.029712164000000003
0.029342563
0.028650298000000008
0.029128584
0.029376472
0.029293541000000003
0.028692971000000005
0.029608119
0.028639209000000002
0.028443443000000002
0.028495075
0.029252988
0.028506675000000002
0.029007243000000002
0.028519635
0.028180496
0.028960098000000004
0.028983980999999995
0.028856445000000005
0.028263076999999998
0.029099723
0.028496435
0.028320756
0.028188624000000002
0.029311363
0.029193528
0.029220218
0.028736422999999997
0.029717592999999997
0.028729364
0.029549337999999998
0.028484202999999996
0.028351251000000004
0.028159082999999998
0.028116323999999998
0.029153109
0.029180706
0.028689199999999998
0.029991699
0.029091573
0.028897217
0.028740531
0.028593616000000002
0.029141144999999997
0.028659051999999997
0.029120774000000006
0.029090174
0.028490425000000003
0.028117673
0.029105264999999998
0.028776004
0.029412885
0.029295891
0.028782713999999997
0.028598976999999998
0.028723231
0.028259346999999997
0.028806867
0.028909688
0.028397601999999997
0.028245858000000002
0.029056980999999996
0.028341278999999997
0.028828483
0.028305769
0.028132712
0.028897268999999996
0.028659651999999997
0.028808894999999998
0.028441463
0.028806015
0.028263506999999997
0.028267028999999996
0.029044583000000002
0.029138956999999997
0.029297070999999997
0.028817454
0.028604877999999997
0.028646691
0.029187326000000003
0.028490414000000002
0.029224937
0.028680612999999997
0.028584346999999996
0.028360259999999998
0.028144673999999998
0.028188793999999996
0.029609121
0.028797584
0.028725931000000003
0.028566756999999998
0.028588896999999995
0.029381392
0.028575396999999995
0.028439172
0.028783254999999997
