0.5625402516666668
0.5613398223333333
0.565215426
0.5636995203333334
0.19084985366666665
9.1487e-05
0.5656559416666668
0.5685451683333332
0.19386362633333332
0.19322199233333334
0.19309247466666668
0.00010691599999999999
0.5685308243333332
0.5641820196666667
0.19215388400000002
0.19394864233333334
0.19307112700000004
0.19335706900000002
0.5763449623333333
0.5658645760000001
0.19699522133333336
0.19314457999999998
0.19679237833333332
0.0007246196666666666
0.5630827466666667
0.5675718023333333
0.5540865199999999
0.5544363976666666
0.00010280666666666667
0.00011423633333333334
0.561020653
0.5532369090000001
0.18985983433333334
0.5770115436666667
0.5603494836666667
0.19285156866666667
0.19192605533333337
0.19665776933333334
0.19423046666666668
0.5762762736666667
0.5633977223333334
0.2004907536666667
0.19518386799999998
0.19922722733333334
0.0006230596666666667
0.5652065296666667
0.5590840680000001
0.191481184
0.5663991389999999
0.572525074
0.5680530783333334
0.5641365703333333
0.00010034933333333335
0.19419969299999998
0.5640292073333333
0.5677341233333334
0.5682361326666667
0.5618072550000001
9.825333333333334e-05
0.19486442133333334
0.5623707136666667
0.5653139853333333
0.5587705543333333
0.5540658873333334
0.18938635099999998
0.19189127633333333
0.5640074523333334
0.5648745896666666
0.5561798
0.5577482096666666
0.5558545723333334
0.19091757066666667
0.5638288156666666
0.5607139099999999
0.5526277116666667
0.5554745120000001
0.1910972896666667
0.19128186866666666
0.5628826273333334
0.5510342703333333
0.565175179
0.5496195483333333
0.5528774213333333
0.19105085433333335
0.5616197243333333
0.5615158320000001
0.5552676440000001
0.5533680383333334
0.190415641
0.19131482733333335
0.5612041666666667
0.5549923433333334
0.553212013
0.5572248900000001
0.19111004099999998
0.19268549100000001
0.5626126533333334
0.5688598743333334
0.5585569976666668
0.5579986426666667
0.19034361000000002
0.19138786100000002
0.5651401986666666
0.5553206700000001
0.5529528413333332
0.5542049366666667
0.18979046866666668
0.191235228
