0.5649548849999999
0.563340106
0.5543014276666667
0.558914932
0.19163707533333332
0.00010759999999999997
0.5711984410000001
0.5709720593333333
0.19237093566666666
0.19480515866666667
0.195080035
0.00010364633333333332
0.5728244303333333
0.5619442593333334
0.19394094166666667
0.194407341
0.1937118586666667
0.19345672700000002
0.5708153280000001
0.5632341203333332
0.19470465133333334
0.193778417
0.19752891166666667
0.0005688980000000001
0.5620012883333333
0.5647400393333334
0.5568965570000001
0.558124827
0.00010389266666666667
7.831466666666666e-05
0.5644899250000001
0.5529944776666667
0.1906759033333333
0.56994409
0.5658024063333333
0.193309929
0.19416808666666666
0.19271347333333333
0.1931869283333333
0.5694107786666667
0.5612105683333333
0.19375687533333333
0.193756283
0.196482211
0.0006879803333333332
0.566795076
0.5587755219999999
0.19200037733333333
0.5621821323333335
0.5701510193333333
0.556721006
0.5655372463333334
0.00010590466666666666
0.193507035
0.5632794849999999
0.5679063106666667
0.5643482270000001
0.5613317053333332
0.00010103
0.19177519633333337
0.562513575
0.5626512166666667
0.5606560233333333
0.5568996933333333
0.19055207866666665
0.19111796633333333
0.5626937390000001
0.564004986
0.5628794486666666
0.556847541
0.5579315643333334
0.19059225666666668
0.5612518713333333
0.5646053476666667
0.5561843383333334
0.5593247696666667
0.1902442993333333
0.19363681533333335
0.5630384
0.5575500670000001
0.5618923219999999
0.5546986196666667
0.558604378
0.19071329366666667
0.5642174176666667
0.5648612746666667
0.554637772
0.5552986526666667
0.19070221366666665
0.191498295
0.5603469423333333
0.554380788
0.5508998083333333
0.5585216313333333
0.19030534033333332
0.19115610733333332
0.5640446306666667
0.562717337
0.5574401743333334
0.5570645576666666
0.19086412866666666
0.19159330666666666
0.5644360133333333
0.5547240520000001
0.5542416733333333
0.5573559119999999
0.18918152866666668
0.19197573433333334
